[{"id": 0, "img_name": "camera1_003804.png", "width": 1280, "height": 720, "position": [0.0, -0.5000000090301657, 0.37000001791401593], "rotation": [[1.0, 0.0, 0.0], [-0.0, 0.1961118201425355, -0.9805815567633931], [0.0, 0.980581556763393, 0.1961118201425355]], "fy": 869.1168824543142, "fx": 869.1168824543144}, {"id": 1, "img_name": "camera2_003804.png", "width": 1280, "height": 720, "position": [-0.0, 0.5000000090301657, 0.37000001791401593], "rotation": [[-1.0, -0.0, -0.0], [0.0, -0.1961118201425355, 0.9805815567633931], [0.0, 0.980581556763393, 0.1961118201425355]], "fy": 869.1168824543142, "fx": 869.1168824543144}, {"id": 2, "img_name": "camera3_003804.png", "width": 1280, "height": 720, "position": [0.500000005377158, 2.9849223362621457e-25, 0.36999999438909087], "rotation": [[0.0, -0.19611947704840013, 0.9805799806866348], [1.0, -1.0886817949828938e-17, 5.443312360223966e-17], [0.0, 0.9805799806866347, 0.19611947704840013]], "fy": 869.1168824543142, "fx": 869.1168824543144}, {"id": 3, "img_name": "camera4_003804.png", "width": 1280, "height": 720, "position": [-0.500000005377158, 2.9849223362621457e-25, 0.36999999438909087], "rotation": [[-0.0, 0.19611947704840013, -0.9805799806866348], [-1.0, -1.0886817949828938e-17, 5.443312360223966e-17], [0.0, 0.9805799806866347, 0.19611947704840013]], "fy": 869.1168824543142, "fx": 869.1168824543144}, {"id": 4, "img_name": "camera5_003804.png", "width": 1280, "height": 720, "position": [0.354000000828562, 0.3540000046600748, 0.37000002040971425], "rotation": [[-0.7070976637292498, -0.1386754580954354, 0.6933844670044641], [0.7071159225870628, -0.1386661065132485, 0.6933677370584826], [-4.165980655522498e-06, 0.9805818839332513, 0.19611010960501904]], "fy": 869.1168824543142, "fx": 869.1168824543144}, {"id": 5, "img_name": "camera6_003804.png", "width": 1280, "height": 720, "position": [-0.354000000828562, 0.3540000046600748, 0.37000002040971425], "rotation": [[-0.7070976637292498, 0.1386754580954354, -0.6933844670044641], [-0.7071159225870628, -0.1386661065132485, 0.6933677370584826], [4.165980655522498e-06, 0.9805818839332513, 0.19611010960501904]], "fy": 869.1168824543142, "fx": 869.1168824543144}, {"id": 6, "img_name": "camera7_003804.png", "width": 1280, "height": 720, "position": [-0.354000000828562, -0.3540000046600748, 0.37000002040971425], "rotation": [[0.7070976637292498, 0.1386754580954354, -0.6933844670044641], [-0.7071159225870628, 0.1386661065132485, -0.6933677370584826], [-4.165980655522498e-06, 0.9805818839332513, 0.19611010960501904]], "fy": 869.1168824543142, "fx": 869.1168824543144}, {"id": 7, "img_name": "camera8_003804.png", "width": 1280, "height": 720, "position": [0.354000000828562, -0.3540000046600748, 0.37000002040971425], "rotation": [[0.7070976637292498, -0.1386754580954354, 0.6933844670044641], [0.7071159225870628, 0.1386661065132485, -0.6933677370584826], [4.165980655522498e-06, 0.9805818839332513, 0.19611010960501904]], "fy": 869.1168824543142, "fx": 869.1168824543144}, {"id": 8, "img_name": "camera1_003804.png", "width": 1280, "height": 720, "position": [0.0, -0.5000000090301657, 0.37000001791401593], "rotation": [[1.0, 0.0, 0.0], [-0.0, 0.1961118201425355, -0.9805815567633931], [0.0, 0.980581556763393, 0.1961118201425355]], "fy": 869.1168824543142, "fx": 869.1168824543144}, {"id": 9, "img_name": "camera2_003804.png", "width": 1280, "height": 720, "position": [-0.0, 0.5000000090301657, 0.37000001791401593], "rotation": [[-1.0, -0.0, -0.0], [0.0, -0.1961118201425355, 0.9805815567633931], [0.0, 0.980581556763393, 0.1961118201425355]], "fy": 869.1168824543142, "fx": 869.1168824543144}, {"id": 10, "img_name": "camera3_003804.png", "width": 1280, "height": 720, "position": [0.500000005377158, 2.9849223362621457e-25, 0.36999999438909087], "rotation": [[0.0, -0.19611947704840013, 0.9805799806866348], [1.0, -1.0886817949828938e-17, 5.443312360223966e-17], [0.0, 0.9805799806866347, 0.19611947704840013]], "fy": 869.1168824543142, "fx": 869.1168824543144}, {"id": 11, "img_name": "camera4_003804.png", "width": 1280, "height": 720, "position": [-0.500000005377158, 2.9849223362621457e-25, 0.36999999438909087], "rotation": [[-0.0, 0.19611947704840013, -0.9805799806866348], [-1.0, -1.0886817949828938e-17, 5.443312360223966e-17], [0.0, 0.9805799806866347, 0.19611947704840013]], "fy": 869.1168824543142, "fx": 869.1168824543144}, {"id": 12, "img_name": "camera5_003804.png", "width": 1280, "height": 720, "position": [0.354000000828562, 0.3540000046600748, 0.37000002040971425], "rotation": [[-0.7070976637292498, -0.1386754580954354, 0.6933844670044641], [0.7071159225870628, -0.1386661065132485, 0.6933677370584826], [-4.165980655522498e-06, 0.9805818839332513, 0.19611010960501904]], "fy": 869.1168824543142, "fx": 869.1168824543144}, {"id": 13, "img_name": "camera6_003804.png", "width": 1280, "height": 720, "position": [-0.354000000828562, 0.3540000046600748, 0.37000002040971425], "rotation": [[-0.7070976637292498, 0.1386754580954354, -0.6933844670044641], [-0.7071159225870628, -0.1386661065132485, 0.6933677370584826], [4.165980655522498e-06, 0.9805818839332513, 0.19611010960501904]], "fy": 869.1168824543142, "fx": 869.1168824543144}, {"id": 14, "img_name": "camera7_003804.png", "width": 1280, "height": 720, "position": [-0.354000000828562, -0.3540000046600748, 0.37000002040971425], "rotation": [[0.7070976637292498, 0.1386754580954354, -0.6933844670044641], [-0.7071159225870628, 0.1386661065132485, -0.6933677370584826], [-4.165980655522498e-06, 0.9805818839332513, 0.19611010960501904]], "fy": 869.1168824543142, "fx": 869.1168824543144}, {"id": 15, "img_name": "camera8_003804.png", "width": 1280, "height": 720, "position": [0.354000000828562, -0.3540000046600748, 0.37000002040971425], "rotation": [[0.7070976637292498, -0.1386754580954354, 0.6933844670044641], [0.7071159225870628, 0.1386661065132485, -0.6933677370584826], [4.165980655522498e-06, 0.9805818839332513, 0.19611010960501904]], "fy": 869.1168824543142, "fx": 869.1168824543144}]